6
0, 1000, 854, 942, 314, 539
1000, 0, 186, 96, 738, 788
854, 186, 0, 96, 625, 737
942, 96, 96, 0, 698, 782
314, 738, 625, 698, 0, 280
539, 788, 737, 782, 280, 0
