6
0, 667, 168, 278, 649, 464
667, 0, 536, 482, 361, 597
168, 536, 0, 110, 601, 508
278, 482, 110, 0, 615, 580
649, 361, 601, 615, 0, 330
464, 597, 508, 580, 330, 0
