6
0, 464, 521, 365, 259, 387
464, 0, 247, 641, 205, 847
521, 247, 0, 802, 328, 900
365, 641, 802, 0, 475, 417
259, 205, 328, 475, 0, 642
387, 847, 900, 417, 642, 0
