6
0, 250, 474, 351, 381, 684
250, 0, 546, 419, 497, 493
474, 546, 0, 825, 114, 605
351, 419, 825, 0, 730, 911
381, 497, 114, 730, 0, 651
684, 493, 605, 911, 651, 0
