25
0, 785, 346, 861, 602, 359, 1025, 225, 769, 1055, 552, 174, 927, 673, 288, 726, 515, 858, 706, 192, 691, 385, 531, 530, 495
785, 0, 482, 624, 676, 434, 543, 689, 240, 689, 381, 940, 725, 1022, 500, 414, 365, 178, 303, 957, 811, 470, 844, 514, 779
346, 482, 0, 789, 633, 78, 866, 376, 550, 949, 415, 519, 880, 860, 169, 591, 362, 601, 360, 537, 765, 46, 679, 482, 619
861, 624, 789, 0, 300, 711, 266, 643, 384, 202, 375, 924, 101, 605, 655, 221, 428, 487, 874, 932, 340, 816, 505, 333, 474
602, 676, 633, 300, 0, 562, 542, 377, 481, 502, 302, 638, 338, 360, 469, 311, 338, 608, 837, 644, 142, 672, 215, 172, 174
359, 434, 78, 711, 562, 0, 790, 340, 479, 871, 337, 526, 802, 807, 117, 513, 284, 538, 365, 544, 697, 109, 624, 407, 562
1025, 543, 866, 266, 542, 790, 0, 827, 332, 171, 477, 1119, 316, 869, 772, 299, 522, 367, 838, 1130, 604, 880, 756, 508, 715
225, 689, 376, 643, 377, 340, 827, 0, 611, 841, 375, 292, 704, 495, 224, 531, 354, 719, 702, 304, 470, 423, 328, 321, 281
769, 240, 550, 384, 481, 479, 332, 611, 0, 459, 238, 895, 484, 840, 488, 184, 258, 127, 513, 910, 604, 558, 676, 346, 616
1055, 689, 949, 202, 502, 871, 171, 841, 459, 0, 537, 1124, 193, 783, 831, 358, 588, 522, 973, 1133, 523, 970, 702, 524, 674
552, 381, 415, 375, 302, 337, 477, 375, 238, 537, 0, 664, 469, 640, 296, 182, 53, 356, 542, 678, 442, 441, 463, 133, 399
174, 940, 519, 924, 638, 526, 1119, 292, 895, 1124, 664, 0, 975, 610, 440, 824, 637, 995, 879, 18, 695, 559, 508, 611, 493
927, 725, 880, 101, 338, 802, 316, 704, 484, 193, 469, 975, 0, 590, 739, 322, 522, 583, 975, 982, 334, 909, 521, 410, 501
673, 1022, 860, 605, 360, 807, 869, 495, 840, 783, 640, 610, 590, 0, 693, 671, 663, 967, 1139, 605, 265, 905, 186, 508, 251
288, 500, 169, 655, 469, 117, 772, 224, 488, 831, 296, 440, 739, 693, 0, 479, 249, 571, 477, 457, 598, 213, 511, 330, 450
726, 414, 591, 221, 311, 513, 299, 531, 184, 358, 182, 824, 322, 671, 479, 0, 232, 306, 652, 835, 425, 613, 520, 218, 465
515, 365, 362, 428, 338, 284, 522, 354, 258, 588, 53, 637, 522, 663, 249, 232, 0, 365, 500, 651, 479, 388, 481, 165, 415
858, 178, 601, 487, 608, 538, 367, 719, 127, 522, 356, 995, 583, 967, 571, 306, 365, 0, 480, 1011, 730, 599, 803, 471, 742
706, 303, 360, 874, 837, 365, 838, 702, 513, 973, 542, 879, 975, 1139, 477, 652, 500, 480, 0, 897, 979, 321, 953, 665, 887
192, 957, 537, 932, 644, 544, 1130, 304, 910, 1133, 678, 18, 982, 605, 457, 835, 651, 1011, 897, 0, 697, 578, 509, 622, 496
691, 811, 765, 340, 142, 697, 604, 470, 604, 523, 442, 695, 334, 265, 598, 425, 479, 730, 979, 697, 0, 805, 197, 314, 201
385, 470, 46, 816, 672, 109, 880, 423, 558, 970, 441, 559, 909, 905, 213, 613, 388, 599, 321, 578, 805, 0, 724, 517, 664
531, 844, 679, 505, 215, 624, 756, 328, 676, 702, 463, 508, 521, 186, 511, 520, 481, 803, 953, 509, 197, 724, 0, 334, 66
530, 514, 482, 333, 172, 407, 508, 321, 346, 524, 133, 611, 410, 508, 330, 218, 165, 471, 665, 622, 314, 517, 334, 0, 271
495, 779, 619, 474, 174, 562, 715, 281, 616, 674, 399, 493, 501, 251, 450, 465, 415, 742, 887, 496, 201, 664, 66, 271, 0
