6
0, 964, 699, 985, 252, 437
964, 0, 444, 480, 909, 969
699, 444, 0, 801, 550, 555
985, 480, 801, 0, 1052, 1183
252, 909, 550, 1052, 0, 190
437, 969, 555, 1183, 190, 0
