6
0, 341, 746, 949, 705, 980
341, 0, 462, 610, 635, 643
746, 462, 0, 375, 481, 362
949, 610, 375, 0, 856, 59
705, 635, 481, 856, 0, 842
980, 643, 362, 59, 842, 0
