6
0, 276, 445, 368, 261, 263
276, 0, 662, 583, 490, 50
445, 662, 0, 79, 183, 672
368, 583, 79, 0, 107, 593
261, 490, 183, 107, 0, 496
263, 50, 672, 593, 496, 0
