6
0, 600, 870, 769, 811, 660
600, 0, 370, 333, 495, 282
870, 370, 0, 116, 258, 623
769, 333, 116, 0, 184, 609
811, 495, 258, 184, 0, 777
660, 282, 623, 609, 777, 0
