6
0, 941, 692, 687, 335, 617
941, 0, 459, 286, 935, 330
692, 459, 0, 217, 548, 374
687, 286, 217, 0, 650, 178
335, 935, 548, 650, 0, 670
617, 330, 374, 178, 670, 0
