6
0, 677, 125, 759, 957, 149
677, 0, 748, 448, 610, 748
125, 748, 0, 757, 944, 28
759, 448, 757, 0, 205, 741
957, 610, 944, 205, 0, 926
149, 748, 28, 741, 926, 0
