25
0, 696, 262, 573, 159, 484, 665, 337, 833, 759, 388, 644, 647, 272, 597, 146, 779, 543, 533, 837, 143, 888, 301, 221, 490
696, 0, 636, 214, 646, 363, 751, 775, 875, 876, 846, 526, 81, 472, 669, 688, 685, 255, 855, 604, 553, 419, 673, 661, 220
262, 636, 0, 596, 386, 572, 865, 586, 1035, 975, 645, 781, 565, 390, 785, 393, 941, 411, 776, 963, 226, 941, 528, 48, 487
573, 214, 596, 0, 484, 152, 538, 581, 670, 665, 649, 322, 238, 311, 455, 528, 491, 338, 644, 437, 444, 345, 481, 607, 113
159, 646, 386, 484, 0, 366, 506, 204, 674, 602, 270, 496, 613, 175, 438, 43, 623, 551, 389, 689, 177, 768, 145, 354, 426
484, 363, 572, 152, 366, 0, 406, 434, 554, 534, 500, 226, 373, 211, 319, 408, 401, 426, 492, 394, 376, 405, 336, 570, 183
665, 751, 865, 538, 506, 406, 0, 380, 170, 128, 391, 238, 775, 486, 88, 524, 187, 829, 247, 328, 639, 565, 367, 844, 590
337, 775, 586, 581, 204, 434, 380, 0, 532, 446, 73, 466, 758, 321, 341, 193, 540, 728, 197, 644, 381, 793, 102, 551, 558
833, 875, 1035, 670, 674, 554, 170, 532, 0, 98, 529, 349, 909, 654, 252, 690, 206, 981, 364, 346, 809, 616, 532, 1014, 737
759, 876, 975, 665, 602, 534, 128, 446, 98, 0, 437, 356, 902, 604, 216, 614, 253, 957, 269, 401, 748, 661, 458, 950, 718
388, 846, 645, 649, 270, 500, 391, 73, 529, 437, 0, 510, 831, 394, 368, 252, 564, 801, 170, 679, 447, 846, 174, 607, 629
644, 526, 781, 322, 496, 226, 238, 466, 349, 356, 510, 0, 560, 394, 175, 530, 175, 644, 425, 193, 567, 345, 399, 772, 399
647, 81, 565, 238, 613, 373, 775, 758, 909, 902, 831, 560, 0, 444, 689, 654, 727, 174, 856, 658, 503, 492, 657, 593, 203
272, 472, 390, 311, 175, 211, 486, 321, 654, 604, 394, 394, 444, 0, 401, 219, 551, 408, 459, 583, 173, 615, 223, 378, 251
597, 669, 785, 455, 438, 319, 88, 341, 252, 216, 368, 175, 689, 401, 0, 461, 198, 740, 256, 313, 559, 518, 307, 766, 502
146, 688, 393, 528, 43, 408, 524, 193, 690, 614, 252, 530, 654, 219, 461, 0, 650, 587, 387, 722, 200, 809, 157, 357, 469
779, 685, 941, 491, 623, 401, 187, 540, 206, 253, 564, 175, 727, 551, 198, 650, 0, 818, 432, 148, 721, 411, 501, 928, 573
543, 255, 411, 338, 551, 426, 829, 728, 981, 957, 801, 644, 174, 408, 740, 587, 818, 0, 861, 776, 404, 648, 631, 445, 245
533, 855, 776, 644, 389, 492, 247, 197, 364, 269, 170, 425, 856, 459, 256, 387, 432, 861, 0, 565, 560, 771, 251, 743, 654
837, 604, 963, 437, 689, 394, 328, 644, 346, 401, 679, 193, 658, 583, 313, 722, 148, 776, 565, 0, 756, 272, 586, 958, 538
143, 553, 226, 444, 177, 376, 639, 381, 809, 748, 447, 567, 503, 173, 559, 200, 721, 404, 560, 756, 0, 773, 309, 207, 352
888, 419, 941, 345, 768, 405, 565, 793, 616, 661, 846, 345, 492, 615, 518, 809, 411, 648, 771, 272, 773, 0, 710, 949, 457
301, 673, 528, 481, 145, 336, 367, 102, 532, 458, 174, 399, 657, 223, 307, 157, 501, 631, 251, 586, 309, 710, 0, 499, 455
221, 661, 48, 607, 354, 570, 844, 551, 1014, 950, 607, 772, 593, 378, 766, 357, 928, 445, 743, 958, 207, 949, 499, 0, 500
490, 220, 487, 113, 426, 183, 590, 558, 737, 718, 629, 399, 203, 251, 502, 469, 573, 245, 654, 538, 352, 457, 455, 500, 0
