6
0, 364, 255, 313, 582, 348
364, 0, 533, 671, 899, 657
255, 533, 0, 356, 366, 491
313, 671, 356, 0, 463, 179
582, 899, 366, 463, 0, 642
348, 657, 491, 179, 642, 0
