6
0, 361, 173, 526, 713, 331
361, 0, 248, 218, 588, 172
173, 248, 0, 366, 550, 306
526, 218, 366, 0, 425, 387
713, 588, 550, 425, 0, 753
331, 172, 306, 387, 753, 0
