6
0, 400, 338, 514, 637, 325
400, 0, 426, 242, 366, 612
338, 426, 0, 351, 782, 663
514, 242, 351, 0, 580, 796
637, 366, 782, 580, 0, 678
325, 612, 663, 796, 678, 0
