6
0, 773, 762, 844, 342, 210
773, 0, 109, 832, 932, 793
762, 109, 0, 922, 958, 753
844, 832, 922, 0, 649, 1031
342, 932, 958, 649, 0, 548
210, 793, 753, 1031, 548, 0
