6
0, 307, 393, 117, 471, 208
307, 0, 676, 423, 714, 356
393, 676, 0, 291, 553, 354
117, 423, 291, 0, 414, 235
471, 714, 553, 414, 0, 649
208, 356, 354, 235, 649, 0
