25
0, 697, 1005, 495, 868, 694, 611, 722, 640, 147, 871, 831, 178, 620, 656, 377, 741, 288, 900, 184, 464, 953, 817, 643, 348
697, 0, 385, 418, 930, 809, 193, 80, 195, 550, 921, 795, 620, 77, 262, 642, 688, 418, 956, 696, 451, 694, 174, 65, 676
1005, 385, 0, 567, 888, 834, 394, 433, 365, 862, 875, 735, 880, 449, 359, 814, 660, 759, 903, 946, 610, 520, 212, 449, 860
495, 418, 567, 0, 547, 403, 232, 489, 244, 380, 541, 439, 335, 376, 214, 249, 328, 367, 577, 390, 42, 473, 436, 408, 293
868, 930, 888, 547, 0, 174, 738, 1009, 734, 826, 15, 153, 696, 907, 671, 494, 244, 879, 32, 687, 535, 408, 873, 937, 520
694, 809, 834, 403, 174, 0, 616, 885, 618, 652, 177, 183, 522, 776, 562, 320, 183, 713, 206, 513, 383, 431, 780, 807, 346
611, 193, 394, 232, 738, 616, 0, 270, 30, 467, 730, 607, 494, 173, 88, 471, 498, 374, 765, 564, 270, 536, 217, 201, 511
722, 80, 433, 489, 1009, 885, 270, 0, 275, 577, 1000, 875, 663, 118, 342, 703, 767, 435, 1035, 740, 520, 773, 232, 87, 734
640, 195, 365, 244, 734, 618, 30, 275, 0, 497, 725, 599, 520, 188, 69, 489, 492, 404, 760, 589, 284, 516, 195, 213, 529
147, 550, 862, 380, 826, 652, 467, 577, 497, 0, 826, 765, 151, 473, 519, 335, 665, 149, 858, 212, 356, 851, 671, 496, 324
871, 921, 875, 541, 15, 177, 730, 1000, 725, 826, 0, 139, 698, 899, 661, 496, 234, 877, 35, 690, 531, 393, 862, 929, 523
831, 795, 735, 439, 153, 183, 607, 875, 599, 765, 139, 0, 653, 779, 533, 455, 112, 795, 169, 661, 437, 266, 727, 808, 492
178, 620, 880, 335, 696, 522, 494, 663, 520, 151, 698, 653, 0, 549, 521, 202, 563, 277, 728, 77, 299, 778, 710, 577, 180
620, 77, 449, 376, 907, 776, 173, 118, 188, 473, 899, 779, 549, 0, 257, 585, 669, 340, 934, 626, 405, 704, 237, 31, 616
656, 262, 359, 214, 671, 562, 88, 342, 69, 519, 661, 533, 521, 257, 0, 463, 427, 443, 696, 586, 256, 448, 226, 283, 507
377, 642, 814, 249, 494, 320, 471, 703, 489, 335, 496, 455, 202, 585, 463, 0, 373, 418, 527, 206, 207, 609, 683, 616, 48
741, 688, 660, 328, 244, 183, 498, 767, 492, 665, 234, 112, 563, 669, 427, 373, 0, 687, 268, 579, 328, 260, 630, 698, 415
288, 418, 759, 367, 879, 713, 374, 435, 404, 149, 877, 795, 277, 340, 443, 418, 687, 0, 911, 350, 359, 834, 556, 359, 422
900, 956, 903, 577, 32, 206, 765, 1035, 760, 858, 35, 169, 728, 934, 696, 527, 268, 911, 0, 719, 566, 414, 895, 964, 552
184, 696, 946, 390, 687, 513, 564, 740, 589, 212, 690, 661, 77, 626, 586, 206, 579, 350, 719, 0, 350, 809, 782, 654, 169
464, 451, 610, 42, 535, 383, 270, 520, 284, 356, 531, 437, 299, 405, 256, 207, 328, 359, 566, 350, 0, 494, 477, 437, 251
953, 694, 520, 473, 408, 431, 536, 773, 516, 851, 393, 266, 778, 704, 448, 609, 260, 834, 414, 809, 494, 0, 576, 727, 655
817, 174, 212, 436, 873, 780, 217, 232, 195, 671, 862, 727, 710, 237, 226, 683, 630, 556, 895, 782, 477, 576, 0, 237, 724
643, 65, 449, 408, 937, 807, 201, 87, 213, 496, 929, 808, 577, 31, 283, 616, 698, 359, 964, 654, 437, 727, 237, 0, 646
348, 676, 860, 293, 520, 346, 511, 734, 529, 324, 523, 492, 180, 616, 507, 48, 415, 422, 552, 169, 251, 655, 724, 646, 0
