15
0, 575, 574, 272, 509, 732, 493, 819, 226, 383, 756, 251, 593, 367, 663
575, 0, 594, 834, 683, 1019, 550, 643, 724, 953, 606, 721, 1023, 503, 966
574, 594, 0, 803, 160, 466, 81, 277, 504, 875, 217, 825, 584, 208, 432
272, 834, 803, 0, 701, 828, 726, 1066, 321, 123, 1003, 187, 610, 606, 760
509, 683, 160, 701, 0, 337, 144, 428, 385, 757, 372, 756, 423, 196, 290
732, 1019, 466, 828, 337, 0, 478, 666, 528, 834, 627, 944, 272, 520, 69
493, 550, 81, 726, 144, 478, 0, 344, 434, 802, 281, 744, 557, 127, 434
819, 643, 277, 1066, 428, 666, 344, 0, 778, 1145, 63, 1065, 840, 459, 654
226, 724, 504, 321, 385, 528, 434, 778, 0, 373, 716, 416, 367, 332, 458
383, 953, 875, 123, 757, 834, 802, 1145, 373, 0, 1082, 299, 592, 689, 770
756, 606, 217, 1003, 372, 627, 281, 63, 716, 1082, 0, 1003, 788, 396, 610
251, 721, 825, 187, 756, 944, 744, 1065, 416, 299, 1003, 0, 757, 617, 874
593, 1023, 584, 610, 423, 272, 557, 840, 367, 592, 788, 757, 0, 533, 227
367, 503, 208, 606, 196, 520, 127, 459, 332, 689, 396, 617, 533, 0, 464
663, 966, 432, 760, 290, 69, 434, 654, 458, 770, 610, 874, 227, 464, 0
