6
0, 752, 435, 839, 210, 416
752, 0, 743, 914, 958, 580
435, 743, 0, 404, 496, 163
839, 914, 404, 0, 886, 470
210, 958, 496, 886, 0, 541
416, 580, 163, 470, 541, 0
