6
0, 794, 51, 310, 170, 695
794, 0, 745, 615, 715, 758
51, 745, 0, 290, 164, 658
310, 615, 290, 0, 147, 836
170, 715, 164, 147, 0, 789
695, 758, 658, 836, 789, 0
