6
0, 351, 861, 525, 551, 498
351, 0, 580, 295, 491, 148
861, 580, 0, 766, 490, 513
525, 295, 766, 0, 785, 260
551, 491, 490, 785, 0, 560
498, 148, 513, 260, 560, 0
