6
0, 800, 738, 836, 665, 600
800, 0, 481, 104, 297, 674
738, 481, 0, 584, 673, 261
836, 104, 584, 0, 249, 769
665, 297, 673, 249, 0, 783
600, 674, 261, 769, 783, 0
