6
0, 725, 927, 1196, 625, 242
725, 0, 330, 471, 673, 485
927, 330, 0, 450, 1001, 714
1196, 471, 450, 0, 1013, 954
625, 673, 1001, 1013, 0, 516
242, 485, 714, 954, 516, 0
