6
0, 745, 112, 817, 271, 356
745, 0, 792, 194, 674, 640
112, 792, 0, 884, 383, 467
817, 194, 884, 0, 680, 624
271, 674, 383, 680, 0, 90
356, 640, 467, 624, 90, 0
