15
0, 751, 561, 724, 697, 406, 448, 647, 753, 659, 728, 354, 832, 331, 760
751, 0, 422, 943, 504, 361, 347, 588, 596, 246, 178, 842, 944, 509, 681
561, 422, 0, 1077, 768, 241, 444, 802, 862, 547, 278, 821, 1130, 230, 924
724, 943, 1077, 0, 474, 836, 652, 366, 417, 701, 1055, 385, 138, 906, 333
697, 504, 768, 474, 0, 550, 337, 111, 96, 259, 650, 551, 447, 685, 177
406, 361, 241, 836, 550, 0, 213, 570, 640, 370, 322, 599, 890, 159, 695
448, 347, 444, 652, 337, 213, 0, 358, 427, 212, 412, 495, 690, 349, 482
647, 588, 802, 366, 111, 570, 358, 0, 110, 342, 719, 456, 356, 688, 126
753, 596, 862, 417, 96, 640, 427, 110, 0, 353, 746, 563, 368, 770, 91
659, 246, 547, 701, 259, 370, 212, 342, 353, 0, 393, 653, 697, 527, 436
728, 178, 278, 1055, 650, 322, 412, 719, 746, 393, 0, 893, 1074, 432, 825
354, 842, 821, 385, 551, 599, 495, 456, 563, 653, 893, 0, 510, 610, 530
832, 944, 1130, 138, 447, 890, 690, 356, 368, 697, 1074, 510, 0, 979, 277
331, 509, 230, 906, 685, 159, 349, 688, 770, 527, 432, 610, 979, 0, 814
760, 681, 924, 333, 177, 695, 482, 126, 91, 436, 825, 530, 277, 814, 0
