6
0, 691, 940, 523, 929, 425
691, 0, 959, 236, 783, 314
940, 959, 0, 763, 238, 759
523, 236, 763, 0, 623, 99
929, 783, 238, 623, 0, 648
425, 314, 759, 99, 648, 0
