6
0, 632, 452, 501, 664, 347
632, 0, 840, 141, 271, 337
452, 840, 0, 762, 709, 509
501, 141, 762, 0, 337, 253
664, 271, 709, 337, 0, 318
347, 337, 509, 253, 318, 0
