6
0, 433, 694, 116, 663, 253
433, 0, 728, 507, 568, 396
694, 728, 0, 805, 221, 905
116, 507, 805, 0, 780, 218
663, 568, 221, 780, 0, 827
253, 396, 905, 218, 827, 0
